**********************************************************************************************
* Filename:U-T.002
* Meteo   data    for     U-Thong     Agro-meteorological station
**********************************************************************************************
* Comment area: Yann PhD experiment
*
**********************************************************************************************
* Station      nr     nr    nr     kJ/m2    oC      oC      kPa     m/s     mm      mm
*              DD     MM    YYYY   RAD      TMin    TMax    Hum     Wind    Rain    ETRef
**********************************************************************************************
'U-T'      1          1       2002    12999.26       15.8         30      2.55        0.0        0.0     -99.99  
'U-T'      2          1       2002    14144.07       16.6       29.2      2.45        1.0        0.0     -99.99  
'U-T'      3          1       2002    13228.21       16.6       27.6      1.96        2.0        0.0     -99.99  
'U-T'      4          1       2002    11276.47       18.6       27.6      1.98        3.0        0.0     -99.99  
'U-T'      5          1       2002    13652.61       19.6         28      2.42        2.0        0.0     -99.99  
'U-T'      6          1       2002    13679.26       17.2       28.9      2.19        2.0        0.0     -99.99  
'U-T'      7          1       2002    14274.65       19.8         29      2.30        2.0        0.0     -99.99  
'U-T'      8          1       2002    14305.34       19.4       29.2      2.88        2.0        0.0     -99.99  
'U-T'      9          1       2002    13293.26       18.5       29.2      2.39        3.0        0.0     -99.99  
'U-T'     10          1       2002    14371.14       16.8       30.2      2.68        1.0        0.0     -99.99  
'U-T'     11          1       2002    13929.45       17.3       31.4      2.80        0.0        0.0     -99.99  
'U-T'     12          1       2002    11957.76       17.4       31.6      2.98        1.0        0.0     -99.99  
'U-T'     13          1       2002    12277.06       18.8       31.6      3.16        0.0        0.0     -99.99  
'U-T'     14          1       2002    11638.49       20.9       30.1      2.95        1.0        0.0     -99.99  
'U-T'     15          1       2002    13693.82         20       32.1      3.11        1.0        0.0     -99.99  
'U-T'     16          1       2002    13636.91       19.6       32.6      3.10        0.0        0.0     -99.99  
'U-T'     17          1       2002    13096.64       19.4       32.5      2.98        0.0        0.0     -99.99  
'U-T'     18          1       2002    14010.54       18.7       33.2      2.90        1.0        0.0     -99.99  
'U-T'     19          1       2002    13470.18         19       33.2      2.95        1.0        0.0     -99.99  
'U-T'     20          1       2002    12634.62       20.6       33.8      3.16        0.0        0.0     -99.99  
'U-T'     21          1       2002     8562.96         23       32.3      3.29        1.0        0.0     -99.99  
'U-T'     22          1       2002    10852.54       22.9       31.3      2.97        1.0        0.0     -99.99  
'U-T'     23          1       2002    14733.55       20.8       31.5      2.98        0.0        0.0     -99.99  
'U-T'     24          1       2002     13993.6       19.3       32.8      3.13        1.0        0.0     -99.99  
'U-T'     25          1       2002    13646.28       18.6         34      3.27        1.0        0.0     -99.99  
'U-T'     26          1       2002    13197.84       20.5       34.1      3.21        0.0        0.0     -99.99  
'U-T'     27          1       2002    11449.29       20.4         33      3.25        1.0        0.0     -99.99  
'U-T'     28          1       2002    10590.96       20.7       32.3      3.17        1.0        0.0     -99.99  
'U-T'     29          1       2002     7918.21       22.4         31      2.97        0.0        0.0     -99.99  
'U-T'     30          1       2002    14606.18         21       29.7      2.46        2.0        0.0     -99.99  
'U-T'     31          1       2002     14560.7       19.3       30.9      2.79        1.0        0.0     -99.99  
'U-T'      1          2       2002     15124.6         19       32.5      2.98        1.0        0.0     -99.99  
'U-T'      2          2       2002     12533.6         20       31.8      3.29        0.0        0.0     -99.99  
'U-T'      3          2       2002    13401.74       20.8       33.5      3.26        1.0        0.0     -99.99  
'U-T'      4          2       2002    12736.73       21.6       34.7      3.24        0.0        0.0     -99.99  
'U-T'      5          2       2002    14951.43       21.8       32.9      3.20        1.0        0.0     -99.99  
'U-T'      6          2       2002    14701.11       21.4       34.6      3.19        1.0        0.0     -99.99  
'U-T'      7          2       2002    14864.14       21.6       33.5      3.42        1.0        0.0     -99.99  
'U-T'      8          2       2002    14820.16       21.3       33.6      3.38        1.0        0.0     -99.99  
'U-T'      9          2       2002    13103.51         21         34      3.33        1.0        0.0     -99.99  
'U-T'     10          2       2002    14731.29       21.9       34.7      3.46        1.0        0.1     -99.99  
'U-T'     11          2       2002     10579.8       23.8       32.1      3.30        0.0        0.0     -99.99  
'U-T'     12          2       2002    15380.69       22.3       33.3      3.35        1.0        0.0     -99.99  
'U-T'     13          2       2002    14170.76       22.3       33.3      3.33        1.0        0.0     -99.99  
'U-T'     14          2       2002    14974.54       22.6       34.1      3.37        1.0        0.0     -99.99  
'U-T'     15          2       2002    13219.51       22.4       32.7      3.27        1.0        0.0     -99.99  
'U-T'     16          2       2002    15205.04       22.3       32.3      3.00        1.0        0.0     -99.99  
'U-T'     17          2       2002     16451.4       20.9       33.3      3.33        0.0        0.0     -99.99  
'U-T'     18          2       2002     12736.9       22.2       32.4      3.16        1.0        0.0     -99.99  
'U-T'     19          2       2002    16042.86       21.7       33.5      3.36        1.0        0.0     -99.99  
'U-T'     20          2       2002    15346.04       22.2       32.5      3.06        1.0        1.1     -99.99  
'U-T'     21          2       2002    15517.47       20.9       33.5      3.26        1.0        0.0     -99.99  
'U-T'     22          2       2002     14703.2       21.5       34.1      3.37        1.0        0.0     -99.99  
'U-T'     23          2       2002    15972.58       22.3         35      3.40        1.0        0.0     -99.99  
'U-T'     24          2       2002    16146.58       23.3       34.7      3.68        1.0        0.0     -99.99  
'U-T'     25          2       2002    13219.52         24       34.4      3.62        1.0        0.0     -99.99  
'U-T'     26          2       2002    12828.15       23.5       35.1      3.42        2.0        0.0     -99.99  
'U-T'     27          2       2002    10871.91         24       34.6      3.49        1.0        0.0     -99.99  
'U-T'     28          2       2002    15169.73       22.6       35.6      3.37        1.0        0.0     -99.99  
'U-T'      1          3       2002    16239.32       23.6       35.8      3.85        1.0        0.0     -99.99  
'U-T'      2          3       2002    17202.73       23.4       35.4      3.80        1.0        0.0     -99.99  
'U-T'      3          3       2002    16588.97       23.4       35.4      3.77        1.0        0.0     -99.99  
'U-T'      4          3       2002    15176.34       24.2       35.6      3.78        2.0        0.0     -99.99  
'U-T'      5          3       2002    12957.17       24.9       34.3      3.46        1.0        0.0     -99.99  
'U-T'      6          3       2002       11408       23.9       34.9      3.72        2.0        1.3     -99.99  
'U-T'      7          3       2002     7214.37         22       25.5      2.55        1.0        2.9     -99.99  
'U-T'      8          3       2002     6785.04       20.2       25.7      2.49        1.0        0.0     -99.99  
'U-T'      9          3       2002    16147.41         21       30.8      2.60        1.0        0.0     -99.99  
'U-T'     10          3       2002    17590.98       21.4       33.7      3.17        1.0        0.0     -99.99  
'U-T'     11          3       2002    16955.62       22.6       34.7      3.49        2.0        0.0     -99.99  
'U-T'     12          3       2002    16664.34         23       35.2      3.47        1.0        0.0     -99.99  
'U-T'     13          3       2002    16603.61       24.1       35.6      3.63        2.0        0.0     -99.99  
'U-T'     14          3       2002    17944.69       23.9       36.3      3.44        2.0        0.0     -99.99  
'U-T'     15          3       2002    17533.47       24.1       36.5      3.76        2.0        0.0     -99.99  
'U-T'     16          3       2002    17824.37         24         39      3.71        1.0        0.0     -99.99  
'U-T'     17          3       2002    17290.59         25         36      3.86        2.0        0.0     -99.99  
'U-T'     18          3       2002    12143.43       25.1       32.7      3.31        1.0        0.0     -99.99  
'U-T'     19          3       2002    16803.96       24.4         34      3.30        1.0        0.0     -99.99  
'U-T'     20          3       2002    18279.71       24.3       35.8      3.44        1.0        0.0     -99.99  
'U-T'     21          3       2002    17975.41       24.9       36.4      3.77        2.0        0.0     -99.99  
'U-T'     22          3       2002    18265.37         24       37.9      3.69        2.0        0.0     -99.99  
'U-T'     23          3       2002    12932.16       24.3       36.3      3.26        2.0        0.1     -99.99  
'U-T'     24          3       2002    17646.76       24.8       34.6      3.41        1.0        0.0     -99.99  
'U-T'     25          3       2002    18896.11       24.2       36.5      3.70        1.0        0.0     -99.99  
'U-T'     26          3       2002    16777.26       25.5       36.7      3.89        3.0        0.0     -99.99  
'U-T'     27          3       2002    18148.61       25.2       36.6      3.87        2.0        0.0     -99.99  
'U-T'     28          3       2002    14807.56       25.4       38.3      3.84        2.0        0.0     -99.99  
'U-T'     29          3       2002    17026.77       25.6       37.6      3.89        2.0        0.0     -99.99  
'U-T'     30          3       2002    18646.54       25.5       37.9      3.66        2.0        0.0     -99.99  
'U-T'     31          3       2002    18933.16       25.6       38.5      3.68        2.0        0.0     -99.99  
'U-T'      1          4       2002    19219.67       25.3       38.2      3.75        2.0        0.0     -99.99  
'U-T'      2          4       2002     17552.6         25       37.4      3.59        1.0        0.0     -99.99  
'U-T'      3          4       2002    19425.29       24.5       37.5      3.58        1.0        0.0     -99.99  
'U-T'      4          4       2002     19343.1       24.8       38.3      3.64        2.0        0.0     -99.99  
'U-T'      5          4       2002     18891.4       24.5       38.2      3.55        1.0        0.0     -99.99  
'U-T'      6          4       2002    18314.26         24       37.6      3.47        1.0        0.0     -99.99  
'U-T'      7          4       2002    10227.36       23.9       36.5      3.66        2.0        0.0     -99.99  
'U-T'      8          4       2002    18137.51       25.1       38.3      3.70        2.0        0.0     -99.99  
'U-T'      9          4       2002    18047.15       24.7       38.2      3.52        1.0        0.0     -99.99  
'U-T'     10          4       2002    19809.06       23.7       39.3      3.62        2.0        0.0     -99.99  
'U-T'     11          4       2002    20089.67       24.4       37.4      3.53        1.0        0.0     -99.99  
'U-T'     12          4       2002     7982.19       24.7       32.1      3.20        1.0        0.0     -99.99  
'U-T'     13          4       2002    18045.09       23.5       35.4      3.51        1.0        0.0     -99.99  
'U-T'     14          4       2002    15341.64       25.2         36      3.57        1.0        0.0     -99.99  
'U-T'     15          4       2002    15738.68       25.3       36.7      3.74        1.0        0.8     -99.99  
'U-T'     16          4       2002    21360.96       24.5       37.5      3.87        1.0        0.0     -99.99  
'U-T'     17          4       2002     20766.6       25.6       38.7      3.92        1.0        0.0     -99.99  
'U-T'     18          4       2002    19796.14       26.4       37.5      3.87        1.0        0.0     -99.99  
'U-T'     19          4       2002    19820.94       25.8       37.4      3.85        2.0        0.0     -99.99  
'U-T'     20          4       2002     16099.3       25.7         37      3.80        1.0        0.0     -99.99  
'U-T'     21          4       2002    21741.82       25.2       38.9      3.86        3.0        0.0     -99.99  
'U-T'     22          4       2002    20639.81       26.8       39.2      4.03        3.0        0.0     -99.99  
'U-T'     23          4       2002    20285.99         27       37.9      3.89        2.0        0.0     -99.99  
'U-T'     24          4       2002    19429.97       26.2       37.3      3.80        1.0        0.0     -99.99  
'U-T'     25          4       2002    18572.02       25.7       37.1      3.79        2.0        0.0     -99.99  
'U-T'     26          4       2002     17837.6       25.1       34.9      3.61        1.0        0.0     -99.99  
'U-T'     27          4       2002    20362.01       25.1       36.6      3.65        2.0        0.0     -99.99  
'U-T'     28          4       2002    20127.91       26.2       37.3      3.70        3.0        0.0     -99.99  
'U-T'     29          4       2002    15625.37         24         37      3.80        1.0       20.6     -99.99  
'U-T'     30          4       2002    18149.87       24.5       36.9      3.81        1.0       28.7     -99.99  
'U-T'      1          5       2002    12511.22       24.2       33.5      3.67        1.0        0.0     -99.99  
'U-T'      2          5       2002    21317.36         27       36.4      3.89        1.0        0.0     -99.99  
'U-T'      3          5       2002    18188.41         26       35.8      3.70        1.0       20.6     -99.99  
'U-T'      4          5       2002    18828.44       23.8         34      3.59        1.0        0.0     -99.99  
'U-T'      5          5       2002    18839.39       23.5       36.7      3.92        1.0       30.5     -99.99  
'U-T'      6          5       2002    20610.36       24.3       35.1      3.68        1.0        0.0     -99.99  
'U-T'      7          5       2002    18733.57       26.8       36.7      3.86        3.0        0.5     -99.99  
'U-T'      8          5       2002    18113.59       25.6       36.6      3.84        1.0        0.0     -99.99  
'U-T'      9          5       2002    15857.33       26.2         35      3.74        2.0        0.0     -99.99  
'U-T'     10          5       2002     14480.9       26.3       33.5      3.67        2.0        0.3     -99.99  
'U-T'     11          5       2002     9958.11       25.3       29.9      3.44        2.0        1.5     -99.99  
'U-T'     12          5       2002    11852.06       25.5       32.1      3.28        2.0        0.0     -99.99  
'U-T'     13          5       2002    12235.72       25.8         34      3.62        2.0        1.8     -99.99  
'U-T'     14          5       2002       14129       25.2       34.4      3.62        1.0        0.2     -99.99  
'U-T'     15          5       2002    18160.89       25.4         35      3.57        2.0        0.0     -99.99  
'U-T'     16          5       2002     8980.64         26       30.8      3.31        3.0        3.0     -99.99  
'U-T'     17          5       2002     9614.68       24.2       31.5      3.07        2.0        4.2     -99.99  
'U-T'     18          5       2002    12512.82       24.1       31.1      3.34        1.0        2.0     -99.99  
'U-T'     19          5       2002     8240.01       24.9       31.2      3.48        2.0       12.6     -99.99  
'U-T'     20          5       2002     8621.61       24.9       29.4      3.14        1.0        8.1     -99.99  
'U-T'     21          5       2002    18686.49       24.5       34.5      3.31        2.0        0.0     -99.99  
'U-T'     22          5       2002    18688.85       23.2       36.2      3.85        3.0       17.4     -99.99  
'U-T'     23          5       2002    21079.65       24.6       35.4      3.57        1.0        0.0     -99.99  
'U-T'     24          5       2002     21709.5         26       36.1      3.59        1.0        0.0     -99.99  
'U-T'     25          5       2002    13038.19       23.3         35      3.66        2.0       62.1     -99.99  
'U-T'     26          5       2002    17815.45       23.6       34.6      3.55        0.0        3.4     -99.99  
'U-T'     27          5       2002    17816.45       26.3       33.6      3.38        2.0        0.0     -99.99  
'U-T'     28          5       2002    15430.49       25.2         34      3.57        3.0        0.0     -99.99  
'U-T'     29          5       2002     16310.6       24.7       33.5      3.49        1.0        0.0     -99.99  
'U-T'     30          5       2002    18445.81       24.7       34.1      3.50        2.0        0.0     -99.99  
'U-T'     31          5       2002    15934.92       25.7       34.5      3.53        3.0        0.0     -99.99  
'U-T'      1          6       2002    15684.14         26       34.4      3.51        2.0        0.0     -99.99  
'U-T'      2          6       2002    13174.46         26       33.7      3.51        2.0        0.0     -99.99  
'U-T'      3          6       2002    19950.02       25.5       35.7      3.77        3.0        0.0     -99.99  
'U-T'      4          6       2002    14805.93       25.9       34.7      3.51        4.0        0.0     -99.99  
'U-T'      5          6       2002    20198.53       25.2       35.7      3.57        2.0        0.0     -99.99  
'U-T'      6          6       2002    15306.97       25.1         34      3.62        3.0        0.0     -99.99  
'U-T'      7          6       2002    14804.96       25.7       34.7      3.49        4.0        0.0     -99.99  
'U-T'      8          6       2002    19065.86       26.5       36.3      3.69        2.0        0.1     -99.99  
'U-T'      9          6       2002      9665.8       26.4         35      3.66        3.0        0.0     -99.99  
'U-T'     10          6       2002    17058.03       26.4       35.6      3.58        1.0        0.3     -99.99  
'U-T'     11          6       2002    10918.64       25.5       34.7      3.71        1.0        6.4     -99.99  
'U-T'     12          6       2002    12796.96       24.9         35      3.71        3.0        4.7     -99.99  
'U-T'     13          6       2002    15676.25       25.1       33.5      3.47        2.0        0.8     -99.99  
'U-T'     14          6       2002    14297.68       24.8       33.3      3.35        1.0        0.0     -99.99  
'U-T'     15          6       2002    18302.16       25.8         35      3.57        3.0        0.0     -99.99  
'U-T'     16          6       2002    16923.45       25.7       35.4      3.54        2.0        0.0     -99.99  
'U-T'     17          6       2002    18423.31       25.6       35.2      3.64        4.0        0.0     -99.99  
'U-T'     18          6       2002    13666.62       24.7       34.3      3.52        4.0        0.0     -99.99  
'U-T'     19          6       2002    11288.19       25.2       34.6      3.47        2.0        8.2     -99.99  
'U-T'     20          6       2002     9285.56       24.1         31      3.30        2.0        0.0     -99.99  
'U-T'     21          6       2002    16663.63         26       34.4      3.51        3.0        0.0     -99.99  
'U-T'     22          6       2002     9908.55       26.2         33      3.37        2.0        0.0     -99.99  
'U-T'     23          6       2002    10032.21       25.1       33.6      3.38        2.0        0.0     -99.99  
'U-T'     24          6       2002    10280.76       25.6       33.8      3.37        3.0        0.0     -99.99  
'U-T'     25          6       2002    11654.31       26.2       32.6      3.30        2.0        0.2     -99.99  
'U-T'     26          6       2002    12777.49       26.1       35.7      3.68        1.0        2.4     -99.99  
'U-T'     27          6       2002    11150.51       24.2         35      3.60        2.0       60.3     -99.99  
'U-T'     28          6       2002     15772.9       24.1         34      3.67        1.0       20.3     -99.99  
'U-T'     29          6       2002     17020.2       24.7       34.5      3.39        2.0        0.0     -99.99  
'U-T'     30          6       2002    19891.82       25.2       35.6      3.43        4.0        0.0     -99.99  
'U-T'      1          7       2002    11641.65       24.4         34      3.46        3.0        0.1     -99.99  
'U-T'      2          7       2002     9889.84         26       33.4      3.40        3.0        0.0     -99.99  
'U-T'      3          7       2002     8263.04       25.9       33.5      3.47        1.0        0.0     -99.99  
'U-T'      4          7       2002    17381.14       25.9       34.6      3.52        1.0        1.3     -99.99  
'U-T'      5          7       2002    16503.53       25.2       36.2      3.61        4.0        9.7     -99.99  
'U-T'      6          7       2002    13502.07       26.2       34.4      3.54        3.0        0.6     -99.99  
'U-T'      7          7       2002    10125.92       24.5       32.7      3.31        2.0        0.0     -99.99  
'U-T'      8          7       2002    15369.48       25.4       33.8      3.53        3.0        0.2     -99.99  
'U-T'      9          7       2002    11243.72       24.9       33.3      3.45        2.0        0.0     -99.99  
'U-T'     10          7       2002    14737.84       25.1       35.1      3.39        2.0        0.0     -99.99  
'U-T'     11          7       2002    18356.51       25.1       34.6      3.58        2.0        1.2     -99.99  
'U-T'     12          7       2002    19976.29         25       35.4      3.62        2.0        0.9     -99.99  
'U-T'     13          7       2002    14476.33       24.2       32.5      3.28        3.0        0.0     -99.99  
'U-T'     14          7       2002    18343.97       25.2         35      3.66        2.0        0.2     -99.99  
'U-T'     15          7       2002     9596.77       24.1         32      3.38        1.0       24.1     -99.99  
'U-T'     16          7       2002    12090.14       25.2         33      3.42        1.0        2.9     -99.99  
'U-T'     17          7       2002    10087.26       24.4       32.2      3.42        1.0        1.7     -99.99  
'U-T'     18          7       2002    10207.31       23.2       33.8      3.50        1.0       18.0     -99.99  
'U-T'     19          7       2002    11201.25         24       33.7      3.32        2.0        0.0     -99.99  
'U-T'     20          7       2002    12819.18       25.7       33.8      3.16        2.0        0.0     -99.99  
'U-T'     21          7       2002    10940.69       25.5         34      3.51        1.0        0.0     -99.99  
'U-T'     22          7       2002     9436.79       25.3       32.5      3.30        2.0        0.8     -99.99  
'U-T'     23          7       2002    12052.49       24.4       33.2      3.41        3.0        0.0     -99.99  
'U-T'     24          7       2002    13668.86         25         34      3.25        4.0        0.0     -99.99  
'U-T'     25          7       2002    13786.88         25       33.6      3.17        2.0        0.0     -99.99  
'U-T'     26          7       2002    13530.19       25.1       34.5      3.45        3.0        0.0     -99.99  
'U-T'     27          7       2002    16018.37       25.2         33      3.42        1.0        0.0     -99.99  
'U-T'     28          7       2002    11019.94         26       33.5      3.34        2.0        0.0     -99.99  
'U-T'     29          7       2002     8517.57       24.9       31.3      3.11        2.0       14.2     -99.99  
'U-T'     30          7       2002     9133.69         25       32.8      3.51        0.0        1.6     -99.99  
'U-T'     31          7       2002    14861.56       24.6       33.1      3.44        1.0        8.0     -99.99  
'U-T'      1          8       2002    17594.71       24.5       33.5      3.42        2.0        0.0     -99.99  
'U-T'      2          8       2002    16587.18         25       34.4      3.67        0.0        2.0     -99.99  
'U-T'      3          8       2002    16950.28       24.7       34.2      3.55        1.0        1.5     -99.99  
'U-T'      4          8       2002    15693.38         25       34.2      3.39        3.0        0.2     -99.99  
'U-T'      5          8       2002     8957.72       25.3       32.9      3.35        3.0        0.0     -99.99  
'U-T'      6          8       2002    11313.27       24.4       33.1      3.21        2.0        0.0     -99.99  
'U-T'      7          8       2002    11302.49         25       33.8      3.42        3.0        0.0     -99.99  
'U-T'      8          8       2002    10047.43       25.4       33.4      3.29        2.0        1.3     -99.99  
'U-T'      9          8       2002    11528.41       24.9       33.2      2.95        2.0        0.0     -99.99  
'U-T'     10          8       2002     9652.11       24.9       33.3      3.10        3.0        0.0     -99.99  
'U-T'     11          8       2002     9392.04       25.2         34      3.41        3.0        0.0     -99.99  
'U-T'     12          8       2002     8759.38       24.9         32      3.28        2.0        0.8     -99.99  
'U-T'     13          8       2002     8251.11       24.8       33.2      3.10        2.0        0.2     -99.99  
'U-T'     14          8       2002     7743.04       25.4       32.4      3.28        2.0        0.0     -99.99  
'U-T'     15          8       2002     9466.19         25       33.2      3.23        2.0        0.6     -99.99  
'U-T'     16          8       2002     8090.22       24.2         30      3.01        3.0        2.1     -99.99  
'U-T'     17          8       2002     8696.14       23.9         33      3.32        3.0        1.3     -99.99  
'U-T'     18          8       2002    12145.61       23.7       33.8      3.32        3.0        0.0     -99.99  
'U-T'     19          8       2002        9039         26       32.2      3.05        4.0        0.0     -99.99  
'U-T'     20          8       2002     8406.69       25.4       32.7      3.04        2.0        0.0     -99.99  
'U-T'     21          8       2002     8145.18       23.7       32.5      3.20        2.0        0.8     -99.99  
'U-T'     22          8       2002    10349.32         24       33.4      3.09        1.0       29.4     -99.99  
'U-T'     23          8       2002    15381.79       24.5       33.7      3.38        0.0        0.0     -99.99  
'U-T'     24          8       2002    16589.53       25.9       34.1      3.32        1.0        0.0     -99.99  
'U-T'     25          8       2002    14352.28       24.1       34.9      3.47        1.0       11.8     -99.99  
'U-T'     26          8       2002    15925.48         24         34      3.46        1.0       42.2     -99.99  
'U-T'     27          8       2002    16267.93       23.5       34.6      3.60        1.0        0.0     -99.99  
'U-T'     28          8       2002    15383.64         25       34.6      3.60        2.0        0.0     -99.99  
'U-T'     29          8       2002    15357.21         25       34.2      3.52        1.0        1.5     -99.99  
'U-T'     30          8       2002     8730.51       25.3       32.3      3.12        2.0        7.3     -99.99  
'U-T'     31          8       2002    16400.64       24.4       33.8      3.45        1.0        0.0     -99.99  
'U-T'      1          9       2002     11251.1       24.8       33.4      3.65        1.0       16.2     -99.99  
'U-T'      2          9       2002    12687.98       24.2       31.8      3.20        2.0        0.0     -99.99  
'U-T'      3          9       2002     7556.67       24.5       30.3      3.11        3.0        0.0     -99.99  
'U-T'      4          9       2002     7537.26       24.5         27      2.87        2.0        0.9     -99.99  
'U-T'      5          9       2002    14666.76       24.3         32      3.23        1.0        0.0     -99.99  
'U-T'      6          9       2002    13788.29         24       32.2      3.25        2.0        1.3     -99.99  
'U-T'      7          9       2002    10979.42       23.8       32.9      3.25        2.0        0.0     -99.99  
'U-T'      8          9       2002    13725.77         25       33.7      3.38        0.0        3.5     -99.99  
'U-T'      9          9       2002     9841.89       23.8         32      3.16        1.0        1.0     -99.99  
'U-T'     10          9       2002    15102.29       24.7       33.5      3.42        0.0        3.9     -99.99  
'U-T'     11          9       2002    13088.05       24.2       33.4      3.47        1.0        0.4     -99.99  
'U-T'     12          9       2002    13048.29       24.3       33.6      3.54        1.0        1.2     -99.99  
'U-T'     13          9       2002    13007.92       24.2       33.5      3.36        1.0        0.0     -99.99  
'U-T'     14          9       2002    12966.95         25         34      3.22        1.0        0.0     -99.99  
'U-T'     15          9       2002    12925.38       23.7       34.1      3.34        3.0        0.0     -99.99  
'U-T'     16          9       2002    12883.22       24.5       32.3      3.34        2.0        0.6     -99.99  
'U-T'     17          9       2002     12840.5       25.4       33.3      3.15        3.0        0.0     -99.99  
'U-T'     18          9       2002    12797.21         23       33.5      3.54        1.0       29.0     -99.99  
'U-T'     19          9       2002    12753.38         24         33      3.47        1.0        0.0     -99.99  
'U-T'     20          9       2002    12709.01         24         33      3.37        1.0        0.0     -99.99  
'U-T'     21          9       2002     10439.1       24.2       33.2      3.26        1.0       17.3     -99.99  
'U-T'     22          9       2002     7361.62         24       38.6      5.82        0.0       40.3     -99.99  
'U-T'     23          9       2002    12590.48       23.5       31.1      3.39        1.0       17.3     -99.99  
'U-T'     24          9       2002     8589.95       24.3       29.3      3.02        1.0        8.9     -99.99  
'U-T'     25          9       2002    11348.11       23.5         30      3.14        0.0        0.1     -99.99  
'U-T'     26          9       2002    19305.64       23.3       33.7      3.27        1.0        0.0     -99.99  
'U-T'     27          9       2002    14854.33       24.2       34.8      3.64        1.0        0.0     -99.99  
'U-T'     28          9       2002    16880.22       24.7       34.8      3.62        1.0        0.0     -99.99  
'U-T'     29          9       2002    12687.99       25.4       33.2      3.59        0.0        1.3     -99.99  
'U-T'     30          9       2002    12758.86       24.8       32.8      3.51        0.0        0.0     -99.99  
'U-T'      1         10       2002    16942.42       23.9         34      3.62        0.0        0.0     -99.99  
'U-T'      2         10       2002    15859.76       24.5       34.2      3.52        0.0        0.0     -99.99  
'U-T'      3         10       2002    17509.05       24.7       33.7      3.51        2.0        3.7     -99.99  
'U-T'      4         10       2002    13484.73       23.5       32.5      3.57        0.0        0.0     -99.99  
'U-T'      5         10       2002    15468.48       24.1       32.5      3.47        0.0        0.0     -99.99  
'U-T'      6         10       2002    12936.76       24.4       33.8      3.63        1.0       36.6     -99.99  
'U-T'      7         10       2002     6604.93       22.7       27.3      3.07        0.0       20.8     -99.99  
'U-T'      8         10       2002    14071.06         24       30.2      2.58        3.0        0.0     -99.99  
'U-T'      9         10       2002    16471.67       21.5       30.1      2.52        2.0        0.0     -99.99  
'U-T'     10         10       2002     17522.5         19         30      2.76        1.0        0.0     -99.99  
'U-T'     11         10       2002    17901.12       19.1       30.7      2.74        0.0        0.0     -99.99  
'U-T'     12         10       2002    17393.26       20.9       31.7      3.13        0.0        0.0     -99.99  
'U-T'     13         10       2002    17328.27       20.4       31.9      2.98        0.0        0.0     -99.99  
'U-T'     14         10       2002    17592.11       20.8       32.2      3.01        0.0        0.0     -99.99  
'U-T'     15         10       2002     9983.54       21.4       31.8      3.20        1.0        0.0     -99.99  
'U-T'     16         10       2002    11140.87       24.6       32.2      3.39        0.0        0.0     -99.99  
'U-T'     17         10       2002     9141.71       25.3       32.2      3.46        1.0        0.0     -99.99  
'U-T'     18         10       2002    13430.87       24.2       34.5      3.56        1.0        0.0     -99.99  
'U-T'     19         10       2002    16288.54       24.5       33.7      3.72        1.0        0.0     -99.99  
'U-T'     20         10       2002    15687.98       23.5       33.9      3.49        0.0        0.0     -99.99  
'U-T'     21         10       2002     13485.3       23.8       34.4      3.59        1.0        0.0     -99.99  
'U-T'     22         10       2002    14818.42         24         35      3.71        0.0        9.4     -99.99  
'U-T'     23         10       2002    16141.93       23.3       33.5      3.31        0.0       19.9     -99.99  
'U-T'     24         10       2002    14489.59       22.9       31.8      3.48        1.0        0.1     -99.99  
'U-T'     25         10       2002    14432.15       23.5         32      3.35        1.0        0.0     -99.99  
'U-T'     26         10       2002    10062.04       25.2       30.3      3.11        2.0        5.2     -99.99  
'U-T'     27         10       2002     6351.57       24.1       29.2      3.16        1.0       50.4     -99.99  
'U-T'     28         10       2002    13112.45         24       31.5      3.47        0.0        0.0     -99.99  
'U-T'     29         10       2002    15662.33       23.8         34      3.57        0.0        0.0     -99.99  
'U-T'     30         10       2002     16638.5       24.1       34.3      3.68        0.0       18.5     -99.99  
'U-T'     31         10       2002    12646.82       23.5       33.3      3.56        0.0        2.9     -99.99  
'U-T'      1         11       2002     11875.9       23.4         32      3.57        1.0       38.0     -99.99  
'U-T'      2         11       2002    11828.88       21.6       31.5      3.56        2.0       32.2     -99.99  
'U-T'      3         11       2002    15566.66       23.8       30.2      2.75        2.0        0.0     -99.99  
'U-T'      4         11       2002    13367.08       23.2       28.2      2.41        3.0        0.0     -99.99  
'U-T'      5         11       2002    15245.92       20.3       27.7      2.19        3.0        0.0     -99.99  
'U-T'      6         11       2002    15897.46         19       28.6      2.49        2.0        0.0     -99.99  
'U-T'      7         11       2002    15031.54       19.2       30.1      2.86        2.0        0.0     -99.99  
'U-T'      8         11       2002      6227.9       22.9       28.3      2.44        2.0        0.0     -99.99  
'U-T'      9         11       2002     6302.51       23.5       28.6      2.60        1.0        0.0     -99.99  
'U-T'     10         11       2002    15966.82         21       30.6      2.86        1.0        0.0     -99.99  
'U-T'     11         11       2002    12724.08       20.2       31.3      3.25        1.0        9.9     -99.99  
'U-T'     12         11       2002    14862.36       22.9         32      3.33        1.0        0.1     -99.99  
'U-T'     13         11       2002    13030.01       24.2       33.1      3.16        1.0        0.0     -99.99  
'U-T'     14         11       2002    14070.09       24.4       33.7      3.69        0.0        0.0     -99.99  
'U-T'     15         11       2002    12941.06       24.8       33.6      3.69        0.0        0.0     -99.99  
'U-T'     16         11       2002    14368.54       24.8       34.4      3.70        1.0        0.0     -99.99  
'U-T'     17         11       2002     5719.95       23.4       28.4      3.21        1.0       12.0     -99.99  
'U-T'     18         11       2002    13594.31       23.4         31      3.15        1.0        0.0     -99.99  
'U-T'     19         11       2002    14621.01       22.8       31.2      3.05        2.0        0.0     -99.99  
'U-T'     20         11       2002    11862.83       22.5       31.6      3.30        1.0        0.0     -99.99  
'U-T'     21         11       2002     13470.3       23.9       31.4      3.17        1.0        0.0     -99.99  
'U-T'     22         11       2002    10731.77       24.9       31.1      3.12        1.0        0.0     -99.99  
'U-T'     23         11       2002     8585.21       23.7       31.1      3.23        0.0        0.0     -99.99  
'U-T'     24         11       2002    10574.76       23.9       31.1      3.25        0.0        0.0     -99.99  
'U-T'     25         11       2002     8153.69       23.7       30.7      3.29        1.0       12.5     -99.99  
'U-T'     26         11       2002    11281.79       21.7       30.5      3.23        1.0        0.0     -99.99  
'U-T'     27         11       2002    13443.97       23.4         30      2.91        0.0        0.0     -99.99  
'U-T'     28         11       2002    13031.58       21.9       31.3      3.02        1.0        0.0     -99.99  
'U-T'     29         11       2002    14613.78       21.5       31.9      3.31        1.0        0.0     -99.99  
'U-T'     30         11       2002    14297.77       21.8       32.6      3.27        0.0        0.0     -99.99  
'U-T'      1         12       2002     12472.8       22.7       32.2      3.27        1.0        0.0     -99.99  
'U-T'      2         12       2002    11693.14       23.1       31.7      3.34        1.0        0.0     -99.99  
'U-T'      3         12       2002    12423.53       23.6       33.6      3.49        0.0        0.9     -99.99  
'U-T'      4         12       2002    13434.63       23.3       33.3      3.58        0.0        0.0     -99.99  
'U-T'      5         12       2002    13317.88       23.8       33.5      3.39        0.0        0.0     -99.99  
'U-T'      6         12       2002    11703.74       24.2       33.6      3.62        1.0        0.0     -99.99  
'U-T'      7         12       2002    13744.55       23.4       33.6      3.43        0.0        0.0     -99.99  
'U-T'      8         12       2002    13164.88         24       33.7      3.85        1.0        2.7     -99.99  
'U-T'      9         12       2002        5214       23.7       28.1      3.06        1.0        0.3     -99.99  
'U-T'     10         12       2002    12480.12       21.3       28.5      2.55        1.0        0.0     -99.99  
'U-T'     11         12       2002    13771.15       21.8       30.2      2.92        1.0        0.0     -99.99  
'U-T'     12         12       2002    12827.57       21.6       30.8      3.07        1.0        0.0     -99.99  
'U-T'     13         12       2002     13468.1       22.2       29.2      2.78        2.0        0.0     -99.99  
'U-T'     14         12       2002     7509.91         22       28.7      2.76        1.0        0.0     -99.99  
'U-T'     15         12       2002    14472.71       20.4       31.2      3.09        0.0        0.0     -99.99  
'U-T'     16         12       2002    13908.84       20.8       31.3      3.15        2.0        0.0     -99.99  
'U-T'     17         12       2002    13811.18       20.2       32.2      3.17        1.0        0.0     -99.99  
'U-T'     18         12       2002    13436.76       21.4       32.6      3.30        1.0        0.0     -99.99  
'U-T'     19         12       2002     13806.5       22.3         33      3.37        1.0        0.0     -99.99  
'U-T'     20         12       2002    10836.78       22.5       32.7      3.51        1.0       11.7     -99.99  
'U-T'     21         12       2002    13994.02       22.6         31      3.01        1.0        0.0     -99.99  
'U-T'     22         12       2002    13347.58       19.3         31      2.79        1.0        0.0     -99.99  
'U-T'     23         12       2002    10752.01       19.8       30.5      2.84        2.0        0.0     -99.99  
'U-T'     24         12       2002    10106.89       21.2       30.6      2.94        1.0        0.0     -99.99  
'U-T'     25         12       2002    14017.77       20.3         32      3.14        1.0        0.0     -99.99  
'U-T'     26         12       2002    13841.79       22.3       32.5      3.33        1.0        0.0     -99.99  
'U-T'     27         12       2002    11060.27       23.2         30      3.20        1.0        5.2     -99.99  
'U-T'     28         12       2002     6318.53       19.1       26.2      2.45        2.0        0.2     -99.99  
'U-T'     29         12       2002    12295.65       19.4       29.3      2.75        1.0        0.0     -99.99  
'U-T'     30         12       2002    10909.62       21.5       30.5      2.93        1.0        0.0     -99.99  
'U-T'     31         12       2002     5688.44       23.3       30.5      3.01        1.0        0.0     -99.99  
