12
1
6
0	0	20	45	45	0
100	60	40	40	55	100
2
4
0	0	20	0
60	40	40	60
3
5
0	0	20	20	0
40	27	27	40	40
4
4
45	45	65	45
55	35	35	55
5
6
45	45	52	80	65	45
35	27	20	20	35	35
6
5
20	20	45	45	20
40	27	27	40	40
7
5
0	0	20	8	0
12	0	0	12	12
8
7
8	20	50	23	0	0	8
12	0	0	27	27	12	12
9
6
23	43	52	52	45	23
27	7	7	20	27	27
10
4
85	100	90	85
0	0	10	0
11
5
70	85	90	85	70
0	0	10	15	0
12
8
43	50	70	85	80	52	52	43
7	0	0	15	20	20	7	7

#
clay
silty-clay
silty-clay-loam
sandy-clay
sandy-clay-loam
clay-loam
silt
silt-loam
loam
sand
loamy-sand
sandy-loam
silt-loam
(x, y, z): (sand 0.05-2.0, clay <0.002, silt 0.002-0.05)
